LayerCount:3
LayerSizes:5,20,36,
LearningRate:0.00495049995099005

Layer 0
Neuron 0
Weights:3.6280036908320175,3.1339517860771826,0.3055074634721317,-6.629694959931167,-0.13380573825003733,
Bias:-0.2486627740571284
Neuron 1
Weights:-0.13302474347641444,0.193276506754282,-5.3005030446199735,4.282190733370489,-1.6282132529406959,
Bias:0.044746843365092694
Neuron 2
Weights:3.1236211681234365,-2.486979468898483,-0.7218611547479294,-0.014657826408894932,6.70499279304603,
Bias:0.48656137797846966
Neuron 3
Weights:-1.3646145286353946,2.5110703506514076,1.5262767384984721,2.066311249564754,3.426826551823088,
Bias:-0.28366687955066794
Neuron 4
Weights:-2.6966712834190645,-1.3254959159546464,2.25679274604625,-6.6719758177389945,0.8670515795487211,
Bias:1.0551216539641364

Layer 1
Neuron 0
Weights:6.276329330108075,-9.20456460638673,-0.9107095126403343,6.085171905768017,1.9868473049432862,
Bias:-0.6735611528964506
Neuron 1
Weights:-3.82455749894271,8.468728857112978,1.9834149137701882,-10.478172020509794,4.456856222253754,
Bias:1.1656029678703044
Neuron 2
Weights:1.6938925489357057,1.759396787518558,3.9296113644858823,-1.9305079966862635,0.8656465208690981,
Bias:0.3983545538776198
Neuron 3
Weights:9.128819211298831,-7.751628652148217,6.804698914799881,-1.4177369717002215,0.7820153464265618,
Bias:-1.8510831698307197
Neuron 4
Weights:-6.27010504475353,-6.434146642804308,-1.814737749531947,8.49659650870972,4.854418704562488,
Bias:1.8409524284017946
Neuron 5
Weights:-5.6741827549251,-2.9512698716577974,9.105638202414642,-2.5552035718428097,2.156258935531975,
Bias:-0.0776889637849217
Neuron 6
Weights:1.5493587607399846,9.853102793692525,-5.9783249571930845,-3.8447618104344525,1.7818741999603611,
Bias:0.7083600201627188
Neuron 7
Weights:-8.02948183709741,-6.588420036677675,8.757832180115619,6.426673789104134,-3.1978062881716816,
Bias:1.5067609986908574
Neuron 8
Weights:7.070400875850799,-9.037266819909846,3.073439995497205,0.7016760252836447,-7.7752508633948665,
Bias:3.4666248414114476
Neuron 9
Weights:-1.4888932471187393,4.18397960042236,1.1165970310436597,4.736249293250159,-0.3730832673097301,
Bias:-0.5689643658532901
Neuron 10
Weights:-0.5336503386404128,-3.732939290379747,6.212513096000592,-6.855670659498275,4.442156195026789,
Bias:-0.01853197911862422
Neuron 11
Weights:7.150867557914009,-0.6984782429393285,3.4831323790582993,-5.149134933910873,-7.511132307561229,
Bias:1.3018451064257373
Neuron 12
Weights:5.9066932071255325,5.220648551313966,-7.217492379978924,0.026521004505126528,-6.011510436543632,
Bias:1.830411518078602
Neuron 13
Weights:-2.293232960705914,-0.989999340542156,-4.751322265565819,10.043538895168005,-3.1354925195796475,
Bias:0.45178355105547924
Neuron 14
Weights:5.13899987828704,1.1894419413508845,-3.840288329729425,-3.531149284090546,6.312223458613406,
Bias:0.9360745635120739
Neuron 15
Weights:-3.273686316204128,3.6987365719461947,12.029532160978974,-0.10986118983683914,-6.622688278209389,
Bias:-1.4330616430108025
Neuron 16
Weights:-7.167801807251199,9.156761532888504,-6.18435075280199,2.4163721642711145,-7.7073149653469875,
Bias:4.890017397200429
Neuron 17
Weights:-9.750809757422873,-3.345293504829683,3.3501286989515475,0.03912055653700077,6.7753993144634,
Bias:2.03535944005987
Neuron 18
Weights:9.536840291658555,-3.067054658901292,-6.066139959802395,5.774053904435764,-6.4254048754413535,
Bias:0.9350673883443336
Neuron 19
Weights:3.359982203433516,-6.678369074841691,-4.003768012372319,0.2140397383582671,8.922224591627023,
Bias:-1.698964727685711

Layer 2
Neuron 0
Weights:-3.550449959688538,2.257632971827088,-0.9966736028698877,1.0056321604180058,-5.846732455041931,0.08856765677002484,-1.422471172501849,2.4946672116104285,2.607404463841571,-0.7692036885645753,-0.600524252670097,0.19543458452609616,-4.25950698152299,-2.848612982045563,1.9388399091777426,1.4100257342901301,-5.836799417579892,0.4437643519165692,-4.469105459386791,-6.421681947762972,
Bias:-1.8462288640446383
Neuron 1
Weights:2.19702489991548,-4.918427584890637,-5.609621610444981,-3.520535210598073,0.8184115691832611,-2.6742615290267775,-2.105218929199028,2.6230849084909273,1.2895845124687135,-1.0757161253662326,-3.261527404992218,-2.4026696412207533,1.8268423004666137,-0.3135595180964067,-3.4034909783811895,-4.2037915550324785,2.1021437785026738,1.3959193269456664,1.7691398072353433,-2.485360170720189,
Bias:-1.3844578568219905
Neuron 2
Weights:-5.617073546005685,-0.7705262877188334,-3.362412473291115,-3.5097868928477327,0.7224113219939156,-4.408944611036802,1.7381760015485916,2.655966554294613,-3.9687083657889324,-0.7246478702715572,-2.7329988290604463,-3.512582675546559,1.0830006808837245,0.0562683781727298,-3.502238175991934,3.412585836886644,0.2632672596382282,-3.052220077913849,2.122017682671923,-4.240183282041416,
Bias:-1.5741707134591885
Neuron 3
Weights:0.3011667108371962,-4.679064816107575,-4.353461423690172,1.3686291824343877,0.14500668348815715,-4.916657355869377,-1.6521722288983574,2.9790706384952994,-4.047377378451894,-1.1557469653317693,-2.573672024871261,-1.5544622488622442,-3.075240240895831,0.7677748952010067,0.5603022029749183,-3.3035004120773364,-5.094439528183051,3.8616014576727373,1.8452911241725114,1.8841215127536965,
Bias:-1.4846619293188243
Neuron 4
Weights:1.1301517507485839,-0.09755049009188488,-1.830640487541342,-0.7145521473994305,-3.4549700436766475,3.842709968214312,-3.62669254658108,-2.042948949021409,1.1428427213677708,-1.352046611717108,3.6812863450838966,-0.3271116955108629,1.3544046058245114,-4.674549869336533,-1.2889630200826312,1.4292403906783397,-4.866134683196035,-5.709119033261656,4.506808022391826,-3.5319275701414683,
Bias:-1.945570592561966
Neuron 5
Weights:-4.427003865466502,1.0539580890578735,-0.35593762651236477,-3.819224400464219,-6.812933235422456,0.511634669804111,-0.09053318509253848,2.9431207901197443,0.8668523984259575,-1.9096525621204694,-5.400678914361854,3.9485717704330647,0.23779347000266102,3.5440910560667653,-3.30840750522213,0.6765959543814581,0.2194178168087707,-4.96440597583849,0.6317813941941087,-2.003837673969507,
Bias:-2.840316935159906
Neuron 6
Weights:0.9543765041086084,1.0548884305841202,-2.613552744142747,-1.4874190969470138,-0.9813504782431192,1.7073601277560857,-3.726467838074944,4.408686439107117,-4.76223654664489,-1.2657443296223838,2.5250806831215407,-3.4123707794987372,-3.9155692974804555,2.318327237100231,1.0004457823652173,-6.8613974391234125,-5.295910061611201,-0.48033489488195735,-4.319947524467001,1.6061234062907124,
Bias:-2.6717793365407165
Neuron 7
Weights:-0.0826389952077306,-2.9527390104816567,-1.6372302344332454,2.0187908040567213,1.4468357058670835,-4.169828032201834,-7.508257447606502,2.2066137978544846,0.7776936001993445,-2.0349155843399727,-5.226422899830808,1.4540383258443046,2.2622396854769886,-0.3389084001997497,-4.762387596304663,0.8891219210607041,3.9968322570265533,-5.283765913342418,0.4117185482214149,-3.791799882852995,
Bias:-3.0202527946856614
Neuron 8
Weights:2.4470262277525605,-6.044125768393287,-0.7729273217930708,3.1417482734507756,-9.73193754435806,-3.7103627307596865,-1.6734300858440352,0.021944822333200522,-0.25125785477054197,-1.394593748857524,-2.1088456807323737,1.7371721285381743,0.7772039364518976,1.374066614364196,1.0424949301220205,1.511367812850028,-1.8435723303724207,-2.7155067638217254,0.5650045119647105,-2.767341480511646,
Bias:-1.988086722720365
Neuron 9
Weights:0.44401640794349995,-1.251078039905825,-1.979952911023573,0.5492541327349473,-4.188254023260798,3.7316872626435953,1.8400182899249589,-7.619068407706861,-1.0807371517404718,-0.8255666054374258,-0.9752735887714038,1.9574776462030326,-5.393714755733991,-2.308606936749971,-0.8672494046920363,3.9855000713025475,-4.287123660013114,-0.9919103929305392,-3.560806875751796,3.2541759594860182,
Bias:-2.4049419390604094
Neuron 10
Weights:-4.15539166094307,3.3474865071064612,-0.7947714181923434,-3.057415419999391,2.1165849522694,-2.014455316208221,-0.44872134658863405,-6.103276866004065,-2.4103530980280734,-1.2002609630923995,-4.85558113730641,-2.853837230722543,0.8491712647743374,2.6013671594424466,3.0672345286506166,-4.072697481296979,0.13055173624140987,-1.3981623049967133,0.29714088524027077,-4.79623412396736,
Bias:-2.0868871961006583
Neuron 11
Weights:-3.067750114956019,-0.08295534782574909,-1.828821266875292,1.193970548799834,0.6122454432813631,-0.138319629824582,-5.896587524600529,1.1607157624950977,2.3086367073905327,-1.2428468749955717,2.200849421856562,2.470720731498756,-4.057595835765058,-1.540390361142869,-5.476274339866832,-0.11946639169173566,1.4403011074289573,1.194443996187871,-4.977045003580644,-3.5329524529361755,
Bias:-2.054606351343567
Neuron 12
Weights:-6.34256411641021,2.184567790740681,-1.7168861765971355,-4.461629119495187,5.0261137882938725,1.5818603989173434,4.0065697690781805,0.6888460764921136,-3.892801465432733,-0.6826605180913976,0.8200824288582359,-3.7482961243715165,-4.807367287978382,-3.457595194202022,-1.7430909731664925,-3.5894467615872,-4.575005660834411,-0.7066998784888292,-2.840338121215048,2.923126678072741,
Bias:-2.851975656321541
Neuron 13
Weights:3.6199853874167953,-5.983847808910548,-2.3877548659426155,-5.136389481756248,-0.04198401744046446,-4.112155046424295,1.855257314636375,-5.3392937989060725,-4.811304382979595,-2.644043107204712,-3.764631914895463,-2.4369399703277383,1.2348188231393358,-0.1991209436681348,0.3201152011703469,-4.726912491189526,2.3886524277492285,1.1776787833284958,1.5559824181991462,4.223686304450114,
Bias:-3.620886161979275
Neuron 14
Weights:-3.8438199239867226,-0.30556731757239103,-1.0966349294693922,-3.7967301932065864,-1.958846449366716,2.06070888825774,-0.5446779009938927,-5.86942819705269,-2.652904354429517,-0.4442858128324186,0.2236343191506635,-3.513839521189474,-3.6162826363798435,-2.3374490096749563,1.4424828836117471,4.521719768466591,1.8327217105023708,1.2190750685194098,-1.4820034177219252,-2.665841931166092,
Bias:-1.838717208122256
Neuron 15
Weights:-2.3041203169038678,0.1095315269234941,-1.6200416122875545,-3.9415905300843996,-5.427092448578216,-0.13875781577861285,0.7420747317915183,3.1609238838634357,-2.9955203795217105,-0.9906978836345759,1.5387890813508514,3.8428946631058265,-2.1514789573010327,-3.2194351612461665,-4.417563826463467,0.13537882840240056,1.1423406087672865,1.181985509793524,-2.025389569759882,-2.3613663742142217,
Bias:-1.455246231837081
Neuron 16
Weights:2.1033648627212425,1.8356203507970996,-0.5309365122588094,2.900214951621318,1.9718720556136853,0.62182813034748,-0.3951656415590438,-5.239098538929019,-0.6095004497845153,-4.214632266406537,-0.07790084380138275,-3.518908294853902,-3.7429666962959462,-4.6434999537210855,-1.0133668254217991,-4.286563357031899,-3.4236878533577357,2.002302508616124,-4.438767077967897,0.5503963856763648,
Bias:-1.5437351584836203
Neuron 17
Weights:3.0852594565360385,0.2789754293034909,-1.4582996323328217,-1.5068457298936062,-2.255564031047203,1.1329145710534936,-7.0602375273771605,0.7197762455809446,1.931982460727032,-4.479236443451696,-0.7832938920563848,3.3487509110533447,-4.222307140870647,-3.992856903518075,-0.44267998680267256,0.8639441569177043,-2.8443243280820534,1.122775473946763,-4.077482529385038,3.7140701343355174,
Bias:-2.6843225022119275
Neuron 18
Weights:-1.169081402387848,-2.9793837336989886,-0.9796429936977752,-0.6467541164331801,0.0749403142404514,-2.5286249902413247,-6.182772812930852,4.8278427281143,0.8372326379299148,-2.0718806340507423,-0.8731250750152575,3.9319650411030573,0.41389881672682344,0.9917595372568557,0.8373298645261124,-2.723246923285513,-5.565097372200882,-6.007572637558576,-0.2121227322805988,3.2307176637822397,
Bias:-2.279536821146599
Neuron 19
Weights:1.0623310353812931,5.5434348075118445,-3.2639804425104644,-4.043517163007471,1.8054039006495386,-2.3990217492375026,2.3296472775418975,-1.2384808236339804,-2.9082172347968442,-1.9279847696361199,-4.131667706545545,-1.5830371552571667,-4.085017589064828,3.894624617899196,-0.7752274025954791,-4.358829416820744,0.20888655393405625,0.8426963397607299,-7.5468799835883615,1.2023832458219552,
Bias:-3.1979292356401
Neuron 20
Weights:-4.319771654686188,0.8997766965817829,-1.916971532210388,1.061741395096377,-3.123329873967428,-3.1752601311535895,-0.026411982828564117,-5.876347287512833,3.0332330433738908,-1.3701575834784052,-3.16125335072124,0.915267020440564,-0.035386234249283055,-3.0779205332859303,-0.9719062225561231,3.709450166568448,1.2142766739982953,-3.1404006972826988,2.867354182583023,-5.534544264613409,
Bias:-2.2981674584441656
Neuron 21
Weights:-0.5597677033471794,-5.485948062403601,-0.026710584143871306,-0.16083645961703807,1.1924094542782262,1.5657256686143282,-5.898168820531794,-3.553321387321914,2.144083018066295,0.22104073039908673,2.8293368263107266,1.0902491815284374,-3.4383961777718333,-3.9574621035931186,0.007993718508783759,-4.319771606166326,-2.219535141428425,-0.48733410347480055,2.6544325498490453,0.5494878340986291,
Bias:-1.6564630565160716
Neuron 22
Weights:-4.977671131417918,-0.575136284049623,-1.5736454323389257,2.8747915443355354,-2.5775253300877856,4.080708985749897,-0.07141972073358666,-3.4544949065146167,1.0241366710330981,-1.8023441277464847,2.2336884500887786,0.02454571060325386,1.86894030210217,-3.2125972904200517,-0.7447750502700418,0.5889621767170292,2.8414602037932326,-6.770843819439389,-7.655810010348615,-4.236443131914388,
Bias:-2.537441479468937
Neuron 23
Weights:-0.16342122568592699,-4.039685822650003,-1.46912863288558,1.886646286961357,1.5258956233351586,-2.796007914510092,-2.278428762227978,-6.14616066676062,3.1414478896623748,-1.3538136045267948,-1.822073384511778,-4.921404909655165,2.0651897957983234,2.4709446328579436,-0.28050515867059733,-2.745822866633422,-3.188530168949914,-3.0523152130699827,0.9156575702526496,0.47363242452436244,
Bias:-1.640665800972978
Neuron 24
Weights:4.258683104746964,4.348520703842853,-0.4074316083608623,0.70714856726589,-0.9254997030266243,-2.7961975985671454,0.9409954620313398,-5.019870906284315,-5.201239999530212,0.09099845386541923,-2.4793537431831774,-5.807488972184096,-0.26706504913518336,-0.8755689395945072,-2.2181155669786596,-2.729604959268926,-2.9151845342231484,-4.527479788130859,1.264587656715869,1.6783347307154661,
Bias:-2.719866538855705
Neuron 25
Weights:1.5146377605456127,-6.8117553511705555,-1.5834310826094398,-5.674768175150251,-0.4437194854916753,2.0909881612755874,-4.079580377972434,4.498954306005073,-5.007885668528734,-0.7596658610462073,-4.194251175158328,-2.318390289557133,-4.190066034162384,0.947157483552716,0.4116600413227379,-1.2667970444503245,3.3222984552046118,-0.175367766380762,-3.1931068927696775,2.2620349083975144,
Bias:-1.8300366817441176
Neuron 26
Weights:-2.970597984613885,0.8546084573291596,-0.43992584036383087,-4.299689315935493,-1.4688758914470645,-3.3151015423074246,0.37069136746155124,-3.883915849846999,-3.043885327283318,-1.3329336504057834,0.8825225641986634,-3.7085860076218733,2.1445131655557415,-3.6093630928485707,0.09147158030961523,-3.966281129992206,1.5571938101551883,0.5065052666713995,-3.532770805924597,2.321819849531941,
Bias:-0.5168329754763964
Neuron 27
Weights:-2.927493113362171,-0.7465366131713147,-0.7079794285590032,3.16307511511774,-2.177976143600339,-0.9994848684166789,0.2581751138148977,-2.8960784180538757,-4.344522282150078,-0.011775332104721833,3.7554879732827695,0.6312297076767704,3.7572098446299744,-2.006853612846357,-0.8723440503292816,-3.5562640424095076,-5.447862497333486,-4.1063562954277595,-4.65642467147115,0.6556629374388454,
Bias:-1.6401862471632693
Neuron 28
Weights:-4.164556208779587,0.6370839448602816,-1.166978934474689,-2.1554061264178537,-4.0793217513670115,-4.419890599563921,-0.12050199747468159,-3.205006511360558,-2.266304059112868,-2.910362193486995,-2.0850341247377515,3.5742396660299276,0.8194869907979175,-3.051566025325223,0.23862242696913905,-5.966400055160474,2.5672170646180397,-3.9103150474488024,4.550297603521825,1.285068511190567,
Bias:-1.2300319195665124
Neuron 29
Weights:2.152108146237588,-0.4500660250300656,-1.9191367070087384,0.7263970697629023,-0.5994896061625493,-4.0324600771496515,1.7821231139475104,-3.4918817687814983,2.707363994400127,-6.677312921393898,2.0635964800329725,0.1745399676032889,0.2374367625356765,-3.87347558266703,-0.8280702406945366,-1.893439148765438,-3.0094976621566722,-3.176127847267958,1.6473874797855814,0.4886572666616614,
Bias:-1.373051770307496
Neuron 30
Weights:0.07632725550869693,-4.903460868835048,-1.9554188766859488,-3.2489783599977473,-2.313572243501758,-4.120546758732112,2.392299860521205,-3.8143106065760826,2.6612396885014857,-1.9079652171188175,-3.902528288304086,2.0612407480429122,0.28819620520898903,1.8470425581843268,0.3566053338699031,-3.5923108745430863,2.4762803200922447,-4.416630985716888,1.4234995104651942,-2.8207124166472557,
Bias:-1.3341925761792275
Neuron 31
Weights:-0.05379173161116536,-4.003196448664598,-0.8017636131070249,1.2095153807488552,-0.3796782962240147,3.3699601295528963,-3.9982600788125744,-0.5524072692506623,-0.1396130476010031,-1.4232065733298636,-0.8580652282407853,4.616899342679003,-3.302604115762516,0.30611452000012884,-4.729216498122632,0.8780337771836585,-6.644567361952512,-1.0668258975885416,3.041715714286262,-3.3203161003050803,
Bias:-2.509829654858647
Neuron 32
Weights:1.3771399221645395,-4.673126205979819,-1.799919998697221,-1.2846653570068765,0.4661226144341002,2.5788935763389556,-4.757266644470259,-0.1429170112187962,2.881982266286671,-1.79564012753338,-5.00854773970033,-4.8917621009125405,-3.538647435525769,-0.5221591401316006,-4.755375426721596,2.0064998956765225,3.1559506499155408,2.7461822047636146,-2.648378392061243,-3.813352163674876,
Bias:-1.8760033874545765
Neuron 33
Weights:-0.5604560770979503,-4.824810021133305,-0.3399662866370503,1.3835677942514417,0.0072102513495993425,0.1325887118296427,-3.958079236002998,0.29092902096569323,-1.0706935537094602,-0.5651890556604215,2.903753178613792,-3.3602058430442026,-2.8785951484838805,1.6906747067428305,-4.597272348148152,3.0530384599839753,-5.409089144884764,0.36962567314351175,-4.509864352081247,1.3879216344109948,
Bias:-2.151035344185509
Neuron 34
Weights:-3.586476217004474,1.5060410900801633,0.18988305422051752,-3.4621108879213303,1.3318946343808298,2.713107903814253,-1.3299923361137624,0.6823081846362581,-2.8942837892118227,-1.1957560015015323,-4.825821756991985,-1.2052215518571685,-2.3627698096431775,3.6513261080590924,-4.074884278149677,0.6409859427192675,0.09000017412643237,1.4233369948603005,-4.7139230470247,-2.960509383498789,
Bias:-2.409615331010974
Neuron 35
Weights:1.9186119359399032,2.8168466503499228,-3.6739746060561416,7.2010109233314346,4.29396958957891,-3.1503985582687664,2.913316640807211,3.3133552507535162,-9.628591700634406,-0.3101093267978179,-4.0515054347735076,-3.1205564001895008,-2.195011624944702,-6.087277240529651,0.3356609703159223,7.250759435169703,-5.615147591998796,1.009657291953607,-2.0714552007533986,-4.0379675479998545,
Bias:-5.050214133369434

